11
1 1 0
1 2 2
1 3 4
1 4 -1
1 5 -1
1 6 -1
1 7 5
1 8 -1
1 9 -1
1 10 -1
1 11 10
2 1 1
2 2 0
2 3 -1
2 4 -1
2 5 3
2 6 -1
2 7 -1
2 8 -1
2 9 -1
2 10 -1
2 11 -1
3 1 1
3 2 -1
3 3 0
3 4 4
3 5 8
3 6 -1
3 7 -1
3 8 -1
3 9 -1
3 10 -1
3 11 -1
4 1 -1
4 2 -1
4 3 2
4 4 0
4 5 -1
4 6 -1
4 7 -1
4 8 -1
4 9 -1
4 10 7
4 11 -1
5 1 -1
5 2 3
5 3 2
5 4 -1
5 5 0
5 6 3
5 7 6
5 8 -1
5 9 -1
5 10 -1
5 11 -1
6 1 -1
6 2 -1
6 3 -1
6 4 -1
6 5 5
6 6 0
6 7 9
6 8 -1
6 9 1
6 10 -1
6 11 -1
7 1 3
7 2 -1
7 3 -1
7 4 -1
7 5 6
7 6 1
7 7 0
7 8 -1
7 9 7
7 10 -1
7 11 -1
8 1 -1
8 2 -1
8 3 -1
8 4 -1
8 5 -1
8 6 -1
8 7 -1
8 8 0
8 9 3
8 10 1
8 11 -1
9 1 -1
9 2 -1
9 3 -1
9 4 -1
9 5 -1
9 6 4
9 7 8
9 8 3
9 9 0
9 10 8
9 11 -1
10 1 -1
10 2 -1
10 3 -1
10 4 3
10 5 -1
10 6 -1
10 7 -1
10 8 6
10 9 2
10 10 0
10 11 -1
11 1 8
11 2 -1
11 3 -1
11 4 -1
11 5 -1
11 6 -1
11 7 -1
11 8 -1
11 9 -1
11 10 -1
11 11 -1
0